gcc -fopenmp -g -Wall -Wextra -ggdb -lm -o rowmv rowmv.c 
2048 1 35.537671  96
2048 2 18.422872  96
2048 4 9.499404  96
2048 8 5.084400  96
2048 16 2.840074  96
2048 32 1.845997  96
4096 1 284.037741  384
4096 2 143.478109  384
4096 4 72.329521  384
4096 8 36.851026  384
4096 16 19.167812  384
4096 32 10.334984  384
8192 1 2314.045170  1536
8192 2 1169.336464  1536
8192 4 571.002537  1536
8192 8 288.846941  1536
8192 16 145.351143  1536
8192 32 74.611556  1536
16384 1 18256.437452  6144
16384 2 9262.978352  6144
16384 4 4622.638519  6144
16384 8 2324.804813  6144
16384 16 1194.245813  6144
16384 32 612.669066  6144